0.00
0.00
0.00
0.00
0.00
0.00
0.00
0.00
0.00
0.00
0.00
0.00
0.00
0.00
0.00
0.00
0.00
0.00
0.00
0.00
0.00
0.00
0.00
0.00
0.00
0.00
0.00
0.00
0.06
0.09
0.14
0.20
0.28
0.38
0.49
0.61
0.73
0.84
0.92
0.98
1.00
1.00
1.00
0.98
0.92
0.84
0.73
0.61
0.49
0.38
0.28
0.20
0.14
0.09
0.06
0.00
0.00
0.00
0.00
0.00
0.00
0.00
0.00
0.00
0.00
0.00
0.00
0.00
0.00
0.00
0.05
0.06
0.07
0.09
0.11
0.12
0.15
0.17
0.20
0.23
0.26
0.30
0.34
0.38
0.43
0.47
0.52
0.57
0.62
0.67
0.72
0.76
0.81
0.85
0.89
0.92
0.95
0.97
0.99
1.00
1.00
1.00
1.00
1.00
0.99
0.97
0.95
0.92
0.89
0.85
0.81
0.76
0.72
0.67
0.62
0.57
0.52
0.47
0.43
0.38
0.34
0.30
0.26
0.23
0.20
0.17
0.15
0.12
0.11
0.09
0.07
0.06
0.05
0.00
0.00
0.00
0.00
0.00
0.00
0.00
0.00
0.00
0.00
0.00
0.00
0.00
0.00
0.00
0.00
0.00
0.00
0.00
0.00
0.00
0.00
0.00
0.00
0.00
0.00
0.00
0.00
0.00
0.00
0.00
0.00
0.00
0.00
0.00
0.00
0.00
0.00
0.00
0.00
0.00
0.00
0.00
0.00
0.00
0.00
0.00
0.00
0.00
0.00
0.00
0.00
0.00
0.00
0.00
0.00
0.00
0.00
0.00
0.00
0.00
0.00
0.00
0.00
0.00
0.00
0.00
0.00
0.00
0.00
0.00
0.00
0.00
0.00
0.00
0.00
0.00
0.00
0.00
0.00
0.00
0.00
0.00
0.00
0.00
0.00
0.00
0.00
0.00
0.00
0.00
0.00
0.00
0.00
0.00
0.00
0.00
0.00
0.00
0.00
0.00
0.00
0.00
0.00
0.00
0.00
0.00
0.2
0
0
0
0
0
0.2
0.2
0
0
0
0
0.2
0
0
0
0
0.2
0
0
0
0
0.2
0
0
0
0
0
0.2
0
0.2
0.2
0
0
0
0
0
0
0.2
0.2

