0.00
0.00
0.00
0.00
0.00
0.00
0.00
0.00
0.00
0.00
0.00
0.00
0.00
0.45
0.64
0.82
0.95
1.00
0.95
0.82
0.64
0.45
0.00
0.00
0.00
0.00
0.00
0.00
0.00
0.09
0.13
0.19
0.26
0.34
0.44
0.55
0.66
0.77
0.86
0.94
0.98
1.00
1.00
1.00
0.98
0.94
0.86
0.77
0.66
0.55
0.44
0.34
0.26
0.19
0.13
0.09
0.00
0.00
0.00
0.00
0.00
0.00
0.00
0.00
0.00
0.00
0.00
0.00
0.00
0.00
0.00
0.00
0.00
0.00
0.00
0.00
0.00
0.00
0.00
0.00
0.00
0.00
0.00
0.00
0.00
0.00
0.00
0.00
0.00
0.00
0.00
0.00
0.00
0.00
0.00
0.00
0.00
0.00
0.00
0.00

